59.830521 30.337812
59.830516 30.341940
59.830498 30.343290
59.832163 30.359802
59.832277 30.361217
59.832449 30.361175
59.834531 30.360268
59.835186 30.360009
59.842264 30.356973
59.843015 30.356658
59.843142 30.356605
59.843603 30.356369
59.848506 30.354258
59.852150 30.352723
59.852745 30.352452
59.852889 30.352395
59.853783 30.351997
59.863948 30.347625
59.864457 30.347408
59.864632 30.347334
59.872008 30.344172
59.872812 30.350733
59.873139 30.353245
59.873204 30.353477
59.876127 30.351106
59.877790 30.349560
59.878076 30.349281
59.878189 30.349157
59.878594 30.348781
59.879226 30.348260
59.881338 30.346999
59.882692 30.346236
59.882967 30.346082
59.885497 30.344683
59.885841 30.344589
59.887286 30.344549
59.893736 30.343630
59.901106 30.340258
59.901802 30.340052
59.904803 30.342788
59.907223 30.345434
59.907554 30.345776
59.907622 30.345828
59.909751 30.347292
59.911974 30.348783
59.914861 30.350625
59.914974 30.350690
59.915432 30.350969
59.915684 30.351122
59.917313 30.352117
59.918229 30.352705
59.918292 30.352307
59.916642 30.351272
59.915736 30.350722
59.916144 30.347876
59.916213 30.347153
59.916485 30.345041
59.916442 30.342301
59.916905 30.342176
59.917093 30.342678
59.917138 30.342795
59.919716 30.339697
59.919833 30.339567
59.919780 30.339379
59.919192 30.337361
59.918517 30.335061
59.918072 30.333529
59.919893 30.331678
59.920049 30.331381
59.921032 30.329790
59.921886 30.331916
59.923135 30.335004
59.923240 30.335190
59.923303 30.335352
59.924673 30.338789
59.926095 30.342401
59.925017 30.345031
59.925071 30.345116
59.928070 30.347507
59.928174 30.347537
59.928506 30.347675
59.928984 30.347746
59.929103 30.347760
59.931398 30.347920
59.932616 30.347986
59.932731 30.347992
59.932756 30.347781
59.933227 30.344014
59.933387 30.342743
59.935234 30.343501
59.938000 30.342530
59.938126 30.343834
59.938240 30.345077
59.938247 30.348114
59.938247 30.348335
59.939006 30.348381
59.938961 30.350223
59.939027 30.350229
59.939648 30.350273
59.939588 30.355251
59.941038 30.355341
59.940991 30.358288
59.940273 30.360455
59.940225 30.360608
59.940173 30.363539
59.940902 30.363583
59.941637 30.363628
59.941682 30.360694
59.942405 30.360734
59.943104 30.360785
59.943873 30.360841
59.943829 30.363761
59.943901 30.363766
59.943941 30.361394
59.945070 30.361407
59.945237 30.361416
59.945259 30.359403
59.946453 30.359470
59.946456 30.359164
59.946537 30.351760
59.946571 30.348848
59.947770 30.348914
59.947937 30.348922
59.949072 30.349016
59.949132 30.349020
59.949741 30.349081
59.950131 30.349178
59.953453 30.349994
59.953815 30.350057
59.955379 30.350970
59.955830 30.351288
59.956933 30.352070
59.958039 30.352884
59.958139 30.352968
59.959790 30.353949
59.960264 30.353777
59.962631 30.351978
59.961916 30.344650
59.963073 30.344203
59.964675 30.343586
59.965655 30.343208
59.966702 30.342776
59.968994 30.341644
59.970183 30.348579
59.970267 30.348860
59.971609 30.348311
59.973011 30.347603
59.975676 30.345444
59.977500 30.344186
59.978330 30.344800
59.978189 30.344452
59.977538 30.343994
59.976953 30.338393
59.979531 30.337354
59.984314 30.335370
59.984979 30.341883
59.981684 30.343307
59.981797 30.343605
59.982849 30.346578
59.985682 30.349109
59.985822 30.349053
59.987686 30.348305
59.987326 30.344918
59.989438 30.344096
59.989517 30.344060
59.989114 30.340344
59.991094 30.339486
59.992977 30.337777
59.992748 30.335419
59.992440 30.332154
59.994905 30.331163
59.997056 30.330281
59.998091 30.329879
59.998156 30.329864
59.999936 30.329123
60.000442 30.328917
60.001686 30.328405
60.003068 30.327818
60.003118 30.327793
60.003746 30.327581
60.003737 30.327364
60.003708 30.326980
60.003393 30.325114
60.002673 30.318468
60.001752 30.308914
60.001844 30.307708
60.002443 30.303079
60.003091 30.298065
60.003141 30.297692
60.003359 30.296012
60.005752 30.281694
60.008037 30.282878
60.008422 30.283078
60.010804 30.284318
60.010865 30.284350
60.011656 30.278315
60.011947 30.276243
60.012035 30.275793
60.012868 30.269573
60.012997 30.268620
60.013013 30.268501
60.013557 30.264361
60.013584 30.264162
60.013634 30.263779
60.015220 30.261420
60.018882 30.257070
60.019097 30.256816
60.019536 30.256294
60.019709 30.256094
60.024819 30.250074
60.025814 30.248878
60.029879 30.244127
60.036859 30.235957
60.038644 30.233826
60.038755 30.233701
60.038652 30.233343
60.038287 30.232064
60.036807 30.226878
60.036520 30.225888
60.036447 30.225666
60.036068 30.224430
60.035460 30.222343
60.035113 30.221210
60.036296 30.213190
60.035863 30.207370
60.035473 30.203391
60.039084 30.197510
